#191207a
#calibrated
###### Camera Calibration File For bottom camera of Falcon ######

image_width:  320
image_height:  240
camera_name: cam0
camera_matrix:
  rows: 3
  cols: 3
  data: [171.7617881, 0.0, 162.7878854, 0.0,171.3400397,125.2200770, 0.0, 0.0, 1.0]
distortion_model: equidistant
distortion_coefficients:
  rows: 1
  cols: 4
  data:  [0.2973346,-0.4161600,0.1512127,0.0000000]
